B
5
2
7
13
19
22
27
31
38
41
56
61
75
84
90
98
102
110
123
134
145
151
162
170
181
192
203
214
225
236
247
258
269
280
291
302
313
324
335
346
357
368
379
390
401
412
423
434
445
456
467
478
489
500
511
522
533
544
555
566
577
588
599
610
621
632
643
654
665
676
687
698
709
720
731
742
753
764
775
786
797
808
819
830
841
852
863
874
885
896
907
918
929
940
951
962
973
984
995
1006
1017
1028
1039
1050
1061
1072
1083
1094
1105
1116
1127
1138
1149
1160
1171
1182
1193
1204
1215
1226
1237
1248
1259
1270
1281
1292
1303
1314
1325
1336
1347
1358
1369
1380
1391
1402
1413
1424
1435
1446
1457
1468
1479
1490
1501
1512
1523
1534
1545
1556
1567
1578
1589
1600
1611
1622
1633
1644
1655
1666
1677
1688
1699
1710
1721
1732
1743
1754
1765
1776
1787
1798
1809
1820
1831
1842
1853
1864
1875
1886
1897
1908
1919
1930
1941
1952
1963
1974
1985
1996
2007
2018
2029
2040
2051
2062
2073
2084
2095
2106
2117
2128
2139
2150
2161
2172
2183
2194
2205
2216
2227
2238
2249
2260
2271
2282
2293
2304
2315
2326
2337
2348
2359
2370
2381
2392
2403
2414
2425
2436
2447
2458
2469
2480
2491
2502
2513
2524
2535
2546
2557
2568
2579
2590
2601
2612
2623
2634
2645
2656
2667
2678
2689
2700
2711
2722
2733
2744
2755
2766
2777
2788
2799
2810
2821
2832
2843
2854
2865
2876
2887
2898
2909
2920
2931
2942
2953
2964
2975
2986
2997
3008
3019
3030
3041
3052
3063
3074
3085
3096
3107
3118
3129
3140
3151
3162
3173
3184
3195
3206
3217
3228
3239
3250
3261
3272
3283
3294
3305
3316
3327
3338
3349
3360
3371
3382
3393
3404
3415
3426
3437
3448
3459
3470
3481
3492
3503
3514
3525
3536
3547
3558
3569
3580
3591
3602
3613
3624
3635
3646
3657
3668
3679
3690
3701
3712
3723
3734
3745
3756
3767
3778
3789
3800
3811
3822
3833
3844
3855
3866
3877
3888
3899
3910
3921
3932
3943
3954
3965
3976
3987
3998
4009
4020
4031
4042
4053
4064
4075
4086
4097
4108
4119
4130
4141
4152
4163
4174
4185
4196
4207
4218
4229
4240
4251
4262
4273
4284
4295
4306
4317
4328
4339
4350
4361
4372
4383
4394
4405
4416
4427
4438
4449
4460
4471
4482
4493
4504
4515
4526
4537
4548
4559
4570
4581
4592
4603
4614
4625
4636
4647
4658
4669
4680
4691
4702
4713
4724
4735
4746
4757
4768
4779
4790
4801
4812
4823
4834
4845
4856
4867
4878
4889
4900
4911
4922
4933
4944
4955
4966
4977
4988
